-8.416675784817453376e-01 4.800000000000000377e-01 0.000000000000000000e+00 8.416675784817453376e-01 -4.800000000000000377e-01 0.000000000000000000e+00 0.000000000000000000e+00 4.800000000000000377e-01 0.000000000000000000e+00 0.000000000000000000e+00 7.999999999999999334e-01 -4.000000000000000222e-01 -1.599999999999999756e-01 0.000000000000000000e+00 0.000000000000000000e+00 0.000000000000000000e+00 -7.999999999999999334e-01 4.000000000000000222e-01 1.599999999999999756e-01 0.000000000000000000e+00
-7.741153283641992733e-01 -1.962314064758612642e-01 -4.496026691445817458e-01 1.050298135979919500e+00 -6.129583956058383132e-01 -1.006114903111672981e-01 2.306988414213125282e-01 6.164456034397496342e-01 -1.516552981067491035e-01 1.149896197611427646e-02 1.162210946964698399e+00 -8.560548833361906196e-01 -3.819034875652743688e-01 7.744075627077115498e-02 -1.494400070759895893e-01 1.419464946929032377e-02 -9.889896826679298592e-01 4.150317745348116039e-01 1.141286303187017820e-01 8.092979902020348837e-02
-6.864188782632002495e-01 -8.221980782076435679e-01 -5.200792949234126494e-01 7.265110998510125873e-01 4.520334760953017006e-01 6.897739104883793271e-01 -1.020259809307500903e-01 2.561090968956284408e-01 5.207754504281962744e-03 -1.010578504674248049e-02 1.229654114420098976e+00 -9.739418802965235100e-01 -4.963690905943848874e-01 -4.870470384804437280e-02 4.854508479684615380e-03 -1.048120560681556346e-02 -1.261299331437206961e+00 1.047450540723066759e+00 5.382351367111252172e-01 -4.922130779489215097e-02
-7.925647727079500049e-01 -1.198641672830481175e+00 -5.976937237713597639e-01 8.631213628471541277e-01 5.974895892340113118e-02 5.346142578732510087e-01 -2.353916485076618104e-01 1.799764471110294403e-02 -5.175200289978061641e-02 1.259916485807101652e-02 1.415791538629290969e+00 -1.554770932811693429e+00 -8.080676404392711509e-01 2.160743396564104510e-02 -5.135256455141731791e-02 1.310737055470823087e-02 -1.418181756666787585e+00 1.505355917863548720e+00 7.562685453124481372e-01 2.225121576548058991e-02
-8.548563748225584957e-01 -1.209746924847006078e+00 -5.855741219938208619e-01 8.969828999431334049e-01 1.878511722025769937e-01 5.955128046926184693e-01 -6.170674691528473810e-01 4.350268140009831697e-02 -5.115432943001495952e-02 -1.083649963544020337e-02 1.487720533822264324e+00 -1.572540127706554713e+00 -7.927383801412827280e-01 -7.241676985699860986e-03 -5.067385309185383491e-02 -1.027184885697283827e-02 -1.485921265101316724e+00 1.533567382255254241e+00 7.555615818349971091e-01 -6.502697220302745655e-03
-8.496805710265002975e-01 -1.177757604652430068e+00 -5.732074323290557993e-01 9.056327742564733718e-01 1.885766849640421183e-01 6.061828656035540552e-01 1.148726594536173540e-01 4.401923261076999272e-01 -4.491292169311346394e-02 -1.051346204135740134e-02 1.489839903151192413e+00 -1.517515563475765106e+00 -7.524837953385006273e-01 -1.484330201895925523e-02 -4.457161613647658144e-02 -1.012501449006715862e-02 -1.490690197034998166e+00 1.490533734479676742e+00 7.246526417467911152e-01 -1.432851837538039880e-02
-1.001421992237172320e+00 -1.185644859756785019e+00 -5.842971270612636880e-01 1.023450540436770861e+00 1.756678432152863623e-01 5.943491428487898132e-01 2.929441372623871609e-01 5.521135164507011694e-01 -6.382230601662607083e-02 -1.099092908140228593e-02 1.624539795529039043e+00 -1.660648772479602631e+00 -7.983514285084769568e-01 -5.601347571146040628e-03 -6.299858806116379051e-02 -1.012504682568543708e-02 -1.619587990394380173e+00 1.608272683034920991e+00 7.509275449435660610e-01 -4.408678975495811808e-03
-7.209733354603719002e-01 -1.365635966352189534e+00 -4.780712598311323003e-01 9.673454353612507273e-01 6.165815651036243850e-01 7.960584154422915004e-01 -1.433183490572665642e-01 5.737735285341292180e-01 2.991389724316693283e-02 -8.784783066716551556e-03 1.489532339723594445e+00 -1.498553058741757482e+00 -7.489584515700022926e-01 -9.632144339943472799e-02 2.829594720226737831e-02 -1.055208399865694043e-02 -1.535374544644253714e+00 1.622547467277131172e+00 8.271386928354906853e-01 -9.872007416400951918e-02
-8.338536341559638077e-01 -1.322936966932288350e+00 -5.103200312949243145e-01 1.038054566752543373e+00 4.433457880989248312e-01 7.396190948164542700e-01 -2.003741646332897475e-01 3.043717904209477521e-01 2.550083412296425683e-02 1.013268890428866906e-02 1.569794778701572913e+00 -1.575185522610581534e+00 -7.647185093680352042e-01 -6.164883575740501970e-02 2.487756239106976575e-02 9.480384999775170324e-03 -1.611688989891641777e+00 1.670313577407178229e+00 8.179620500430964114e-01 -6.255365460532327782e-02
-8.580622431189927068e-01 -1.328059693457910972e+00 -5.174831989109702768e-01 1.046207717327285680e+00 3.048508640053423369e-01 7.076400812027215936e-01 4.002449473105155753e-01 6.235319487743661016e-02 1.078093067280724848e-02 1.030881373958799502e-02 1.584906862014099582e+00 -1.620944823489573805e+00 -7.870451720101110382e-01 -5.107043654922326092e-02 1.029080629072691780e-02 9.788187686673374688e-03 -1.620904786820196897e+00 1.692132308949341857e+00 8.222493027792443510e-01 -5.178821360492907172e-02
