-8.416675784817453376e-01 4.800000000000000377e-01 0.000000000000000000e+00 8.416675784817453376e-01 -4.800000000000000377e-01 0.000000000000000000e+00 0.000000000000000000e+00 4.800000000000000377e-01 0.000000000000000000e+00 0.000000000000000000e+00 7.999999999999999334e-01 -4.000000000000000222e-01 -1.599999999999999756e-01 0.000000000000000000e+00 0.000000000000000000e+00 0.000000000000000000e+00 -7.999999999999999334e-01 4.000000000000000222e-01 1.599999999999999756e-01 0.000000000000000000e+00
-1.050164610924987807e+00 -5.765278107949236563e-01 6.663118678541136708e-01 1.022869075422314422e+00 -2.414656947617765947e-02 -1.437492777521285348e-01 2.121014049669442958e-01 2.660381228126337816e-01 -5.079205507286717325e-02 -3.885911762851781415e-01 7.756000278272168202e-01 -7.084987395622666106e-01 -6.690735122179423122e-01 1.220128559590918649e-01 -5.643588477185504382e-03 3.579182346566823214e-01 -6.756512360187221233e-01 4.747097065388116710e-01 6.414428992175436051e-01 4.207966882918387497e-02
-1.154413127146609153e+00 -6.593729405010350098e-01 7.934417845891770238e-01 1.139997414524394959e+00 2.379535131703916506e-01 -3.263648708196125181e-01 -3.818213548905579069e-01 4.358848192326796323e-01 -9.329541477776939762e-02 -2.824548779309008495e-01 1.050770917237889179e+00 -8.698160588864281006e-01 -4.840090873015617801e-02 2.770895161517131777e-01 -1.519858604878675801e-01 5.503227267179132687e-01 -7.107761896847830663e-01 5.321560455187459571e-01 1.020881828255137957e-02 2.100545504496386662e-01
-1.206537385257419714e+00 -6.561335508889485357e-01 4.185241381730001042e-01 1.198561584075435338e+00 3.254430029543872727e-02 2.036489599381307025e-01 -3.837481215047197636e-01 3.998045264864195092e-01 -2.283528409168785189e-01 -2.660084671972904324e-01 1.076342617970268645e+00 -8.713787358857001397e-01 -6.137664980775874302e-01 1.576403828069304625e-02 -6.186664010561603033e-02 6.761351612938666378e-01 -5.679334985110979783e-01 2.837931337965879375e-01 1.143380653206572950e-01 -2.701249484003687140e-05
2.529418418452800132e-02 -4.254415846348507668e-01 3.968905280395781388e-01 1.227843668850955527e+00 -1.601309373714140949e-01 -4.485584974995556196e-01 1.771950733710122849e-01 2.354477744031243658e-01 1.825900096858595889e-03 -5.232984859727554117e-01 1.067363886387758809e+00 -1.481903376823930252e+00 -5.655728248356710619e-01 -6.994820458600126134e-02 5.248358021563637871e-02 7.564101720749659696e-01 -1.058272285287923831e+00 9.802995265146319248e-01 1.242812625412983291e-01 -8.371799044654952560e-03
9.414955958090553967e-02 -8.247256018152411272e-01 -1.492385516970405890e-01 8.810339931562771731e-03 9.131549400185059451e-01 -1.800457995344251494e-01 1.757756969436375938e-01 5.329844034347623882e-01 1.785261196392159272e-02 -7.268839672764904059e-01 9.516041757044526594e-01 -1.381309642803000504e+00 -2.694569301388349269e-01 -9.470928769231301558e-02 -1.121341968496083197e-01 6.327429978756313744e-01 -9.286059481370430024e-01 9.215366836484721880e-01 5.667505500227539850e-01 -2.069001110903620488e-01
-5.822560418936624238e-01 -1.423959123151816497e+00 4.700071089272110370e-01 6.329680467790192999e-01 6.906029540403496592e-01 9.070875404917293217e-02 -3.387589427189364177e-01 3.878842871865111341e-01 -7.025552425840607407e-02 -6.137326600345787142e-01 9.310055293399381871e-01 -8.952580336120051774e-01 1.023844527161244800e-01 -1.357196541445743754e-01 -1.545529763113038246e-01 7.036381005206597816e-01 -9.019390938093064802e-01 7.535622958555747708e-01 4.160301705671327621e-01 -2.944363714553247524e-01
1.273553795371823449e-01 -1.518415172768522670e+00 5.159589643007748139e-01 9.450469002027475085e-01 1.239970600253421651e+00 -8.112154084708214641e-02 -3.312889893723622858e-01 1.037755258562315375e-01 1.357940079510140674e-02 -4.725581769058240234e-01 1.197286166085328674e+00 -7.948975881205373462e-01 6.972298771963154895e-02 -1.838921911854887181e-01 1.087613732444128734e-02 4.284803593068836625e-01 -5.278837686166234500e-01 1.250390250759135125e+00 5.072250171001908559e-01 -3.328079979965300472e-01
-3.542642501376253583e-01 -4.913218046823789042e-01 2.878068294407674643e-01 -1.568073715827413839e-01 1.027354343301233319e+00 -2.404289242002222715e-01 -4.957078533766924866e-01 -6.076209893428413666e-02 -3.804210903359597773e-04 -2.577178127716539535e-01 1.099691541054700572e+00 -6.926979253207619092e-01 3.812941398958908934e-01 1.485731058458478471e-01 -1.728722904447363429e-01 4.969137014091594140e-01 -2.389853993678164312e-01 7.204051943357674404e-01 6.490395564596902478e-01 -4.286957311885967181e-01
2.419473731271140626e-02 -9.254089916397961746e-01 -3.437638015141623038e-01 5.501591910218671666e-01 4.807489509112331527e-01 3.027725705145791757e-01 1.267342579206575948e-01 9.743601773505924935e-02 -9.145980335879339701e-03 -3.342069864877867946e-01 1.221017227806390881e+00 -9.414715813152690904e-01 6.668091442810261671e-02 1.897637481710085228e-01 -2.111966397805924156e-01 2.496524462599749306e-01 -4.324335888656545279e-01 4.408489017350367689e-01 8.986800599365600828e-01 -3.564453983864020459e-01
