-8.416675784817453376e-01 4.800000000000000377e-01 0.000000000000000000e+00 8.416675784817453376e-01 -4.800000000000000377e-01 0.000000000000000000e+00 0.000000000000000000e+00 4.800000000000000377e-01 0.000000000000000000e+00 0.000000000000000000e+00 7.999999999999999334e-01 -4.000000000000000222e-01 -1.599999999999999756e-01 0.000000000000000000e+00 0.000000000000000000e+00 0.000000000000000000e+00 -7.999999999999999334e-01 4.000000000000000222e-01 1.599999999999999756e-01 0.000000000000000000e+00
-1.050164610924987807e+00 -4.569140523265844411e-01 -4.093820774796277928e-01 8.765646492270969814e-01 2.056982579369407149e-01 6.931740206356418188e-02 -2.159254138732639994e-01 4.430156839512041644e-01 -1.074846949124744766e-01 -2.686067278663621383e-01 4.136325692431986889e-01 -3.710810270137999689e-01 -3.011170495354843490e-01 1.729285554575580031e-01 7.524735884010953779e-02 1.646657692252457839e-01 -2.298848549107116446e-01 1.148466482723155879e+00 -2.263209838887123015e-02 -1.705837645038810468e-01
-5.150679609207898801e-01 -7.880828156617094571e-01 -4.333000767138353027e-01 1.066845201426786405e+00 -1.457601915839594198e-01 3.383647983269216786e-02 -1.002174470820938607e-01 4.968674353628737550e-01 7.523372533927361050e-03 -2.566444305826261485e-01 6.082753165476031398e-01 -7.046526567046740297e-01 7.961799865833640855e-02 2.449841225357624608e-01 7.073414606761342649e-02 2.534090768350646394e-01 -1.853723769463991589e-01 8.997675443085473290e-01 3.085490269995111445e-01 7.879774524001166569e-02
-1.527441803367797779e-01 -9.732542724840020920e-01 -5.716167410266836946e-01 6.987077248539007579e-01 5.751067288164688485e-01 -2.587296531254984489e-01 -3.216237591671871066e-01 3.881070125858304687e-01 -1.098950046802305847e-01 -1.570707112428048335e-01 5.598909969598967473e-01 -4.725393235370334288e-01 -2.093961788142209846e-01 6.903673534021841085e-02 -3.822135813793272469e-02 2.158733394927212501e-01 4.728002059188031458e-02 5.107581498007484067e-01 2.031053833642296469e-01 2.000116385458606261e-01
-5.414404620100881083e-01 -4.869268686391791667e-01 -2.136805266088604438e-01 9.779167392401881820e-01 1.143282584765734189e+00 -6.836128805620655946e-02 2.116848296238454386e-01 2.618414683954006783e-01 -4.189339557669592706e-02 -1.502076421387439353e-01 1.067421873931173604e+00 -1.006417523467407982e+00 -7.152589918629571608e-01 1.871312067588054018e-01 -1.657043754302155864e-03 2.702772336881301696e-01 -4.768084993754685974e-01 1.169603063712400637e+00 -2.782217025951129186e-01 1.352263241973086227e-01
3.578426458081938044e-01 -3.899883444323573589e-02 -8.267229101533565827e-02 9.543336190122087004e-02 6.797614773486966300e-01 -1.687108293285067839e-01 1.144180972841132848e-01 3.465295982957916632e-03 7.592379951793415405e-02 -2.121648858795708581e-01 5.087533288797980724e-01 -7.693403169907725436e-01 -3.028001418531695021e-02 -2.054739868612823206e-02 -1.506818997061029342e-01 4.522840264695858759e-01 -2.913468363585781096e-01 1.427597817421282222e+00 -1.657053427188958650e-01 9.911130005938510734e-02
-4.363617870463687431e-01 -6.299743897108615043e-01 2.083451952523384665e-01 -4.410262906772821623e-03 5.822442726647041322e-01 -2.368401615218361234e-01 -1.395380548354609174e-01 2.242529787305340971e-01 9.425787242859627602e-02 -1.287701338940375195e-01 1.013472682389688684e+00 -3.959224931985680929e-01 -1.016870453837985244e-01 1.469881828201181073e-01 -3.785782601272709436e-02 2.660411655948848875e-01 -8.749197597761125822e-01 1.498120164836588719e+00 4.567044674164784102e-01 2.016150103323226528e-01
-8.475117152072995097e-01 -5.716660940585680528e-01 -2.913353089047057143e-01 6.263577453598514477e-01 -3.394363077736489709e-02 -8.689206870682610884e-01 5.720406177350280397e-02 1.479761581486394584e-01 8.672069506462691535e-02 -4.534669918846512271e-01 8.206949672702004150e-01 -3.056042729917256562e-01 -4.664334450998197656e-01 2.073398044265522266e-01 -1.333242397415771996e-01 5.538932321818788029e-01 -1.123903682722375397e+00 1.231808915022474915e+00 6.833242562620861493e-01 -8.912006427269084097e-02
-1.053086679287764893e+00 -1.002402625638789957e-01 3.418701673709190203e-01 5.823112433321638859e-01 -1.672420836034704539e-01 -6.623754873788134656e-01 -3.350234301465187525e-01 3.992041755702373518e-01 1.024362251275356683e-01 -5.229340393308559154e-01 9.320748398950953195e-01 -4.419602747391795372e-01 -7.196207220571155805e-01 1.509247819262397317e-01 -1.669326475615032501e-01 6.763344360692780111e-01 -9.037471579292565282e-01 1.485146511127393154e+00 -3.370243588049370853e-02 1.208546532959387382e-01
-1.047963144371687694e+00 -1.368874006202659976e-01 8.816514193875822913e-01 7.141146116758123608e-01 8.299830319498372466e-01 -1.718872533523163604e-01 -1.942822423990153424e-01 1.926649482512138301e-01 7.796803140537919563e-02 -6.164361735912338158e-01 6.193950760795238208e-01 -4.232998809530098550e-01 -6.050966587532279339e-01 -6.199920898505283107e-02 -7.215045029150589373e-02 6.861435753615434674e-01 -5.483741528451172575e-01 8.490424956645173937e-01 5.972520623718369226e-02 1.742395708599919213e-01
