-8.416675784817453376e-01 4.800000000000000377e-01 0.000000000000000000e+00 8.416675784817453376e-01 -4.800000000000000377e-01 0.000000000000000000e+00 0.000000000000000000e+00 4.800000000000000377e-01 0.000000000000000000e+00 0.000000000000000000e+00 7.999999999999999334e-01 -4.000000000000000222e-01 -1.599999999999999756e-01 0.000000000000000000e+00 0.000000000000000000e+00 0.000000000000000000e+00 -7.999999999999999334e-01 4.000000000000000222e-01 1.599999999999999756e-01 0.000000000000000000e+00
-7.212836167020386657e-01 3.867757425772091473e-01 -4.677647678591828617e-01 4.310889166632622116e-01 8.380206988608104868e-02 -3.906695515519148509e-01 4.424074889761523410e-01 5.468255363881565634e-01 -1.789839040584639829e-02 -2.865580533500364235e-01 7.314367288845446957e-01 -1.054810897597094899e+00 -1.685726538004743702e-01 -1.530384486177065184e-02 3.459122156793180414e-02 1.533216118170794943e-02 -5.935012156507869507e-01 6.988587489262939600e-01 5.274700674430267133e-01 7.911785504899872257e-02
-8.778217662318992254e-01 -1.860821727480217458e-01 -2.396793099363204171e-01 5.341256919305887862e-01 4.324880391973484617e-01 -1.992364253927235151e-01 -2.974666803672610382e-01 1.748395490042711775e-01 -6.694532104011334528e-02 -4.397317898136021697e-01 7.725429825694436481e-01 -1.141504183825400975e+00 -4.799670974448831395e-01 1.611260339773835093e-01 -6.608036802528707843e-02 3.452976297063096722e-01 -4.350350733392651659e-01 4.319897335858006171e-01 7.745400512740281407e-01 -1.831026462026588697e-01
-9.628146807907075333e-01 -9.144265605750018233e-01 -5.866296602639150537e-01 8.956257227785322517e-01 3.894214858160748305e-01 -5.448187673299031974e-01 -3.838768822039769768e-01 3.703261484539608350e-01 -1.081021151862182339e-01 -6.533050487947011931e-01 7.002260048654127544e-01 -7.454692160414394531e-01 -7.550374664483565645e-01 1.989136460931153760e-01 -1.073767884364357356e-01 3.393218656466849836e-01 -2.765734183850261929e-01 3.761565288804549212e-01 9.022495894705648833e-01 -1.289173303152134076e-01
-4.576775984348817050e-01 -3.516563866577660513e-01 -7.316057725624227626e-01 1.076375738202504095e+00 7.019402125745901611e-01 1.927045720378109395e-01 -1.627384870590088961e-01 3.197891043465247440e-01 -1.772585285519390208e-02 -6.569578973606244876e-01 3.407817171459501804e-01 -6.414696876931489378e-01 -9.078625362213182948e-02 3.328134389524692316e-01 -9.321659149514857634e-02 4.732163542770983500e-01 -8.893127061780962128e-01 7.078470297078962581e-01 5.827089323259825315e-01 -3.172455981288802018e-01
-7.967682322340006174e-01 -1.134650385734261357e+00 1.795857528302921002e-01 1.166750745914489906e+00 2.824479453271416807e-01 -6.025106799106174638e-01 1.374558545321134251e-01 4.556503235310235822e-01 -1.191778188061290433e-02 -3.957723686263878715e-01 1.731710744543079328e-01 -6.475477140571292978e-01 1.522465939559942971e-01 4.223946580712389931e-01 6.859182057953606970e-02 5.135909250916040891e-01 -7.999508106666850527e-01 5.075892394822711928e-01 5.690871151580310094e-01 9.662215537992485670e-03
-1.027714937801115447e+00 -1.479802787903123473e+00 -8.092061529675301235e-02 1.122024040397101796e+00 9.996190008355803069e-01 -6.738272933968201261e-01 4.648588878057018092e-02 5.347746655841177921e-01 8.342251711437730088e-02 -3.219369359116217577e-01 8.675711967121049195e-01 -9.097586364890322130e-01 2.343193424252305590e-01 3.005148901812670914e-01 1.358962210632051748e-01 6.407282532333480329e-01 -9.815337857602689509e-01 2.797254524722471158e-01 -2.405505443566025026e-02 -2.757005684886570940e-03
-1.143188290584672862e+00 -6.812358839411716271e-01 3.158877201225821496e-01 3.153639295573925638e-01 8.658086843043359959e-01 -6.641855834056744623e-01 4.647936653197168311e-01 6.770735553162676723e-01 6.727654660836532297e-02 -3.619953729575007828e-01 7.461553923249275577e-01 -4.811567649807804159e-01 6.035382452309268064e-02 3.402309595807126996e-01 -8.192291078664822035e-02 4.491368519759818545e-01 -1.139458333532779699e+00 1.045760747912351629e+00 -3.290946475579839547e-01 -2.637304634740525455e-01
5.696873152090142778e-02 -6.490516419849031715e-01 3.797701286116376140e-01 -4.716488569054188562e-01 1.361132058460455152e+00 -9.475301892171384965e-01 4.050254918329119214e-01 5.926380611553440092e-01 -1.494215068861292073e-01 -6.676993757813758368e-01 4.078864584413424144e-01 -1.113667959325715273e+00 -5.667235084300412673e-01 1.124874094820761117e-01 3.778312847084463327e-02 2.728411089679069201e-01 -7.811986378672510778e-01 5.690512660215358842e-01 -7.694863282773858892e-02 1.555866576927683598e-02
5.577109465976355374e-01 -1.147943776007838146e+00 -1.402417803554087961e-01 -5.030535079227774764e-01 1.364153465550912214e+00 -9.344130279461972943e-01 5.972517941571591216e-01 4.979724627472481568e-01 -5.708314507484801847e-02 -5.248325197500789407e-01 5.400929460127017467e-01 -7.746536495967311087e-01 -7.795302618172204046e-01 -6.592455835746295623e-02 -1.310472559518952376e-02 5.075619296911558775e-01 -3.356749712753184234e-01 3.496440262537363619e-01 -2.862731077161821402e-01 5.235563326161893349e-02
